num = [1 1 2];
den = [1 -1 2];
L = 50; 
