M = [1 0 0 ; 0 1i 1; 1i 1i+1 -3];
k = 2.75;
v = [1;3;-7;-0.5];
w = [1 -5.5 -1.7 -1.5 3 -10.7];
x = 1:0.5:100;
y = x + 0.5;
