M = [1 0 0; 0 1j 1; 1j 1j+1 -3];
k = 2.75;
v = [1 ; 3 ; -7 ; -0.5]; 
w = [1 -5.5 -1.7 -1.5 3 -10.7];
y = 1:0.5:100.5;

V = [M M ;M M];
V(2,:) = [];
V(:,3) = [];

z = V(4,:);

V(4,2) = 1j+5;
